altitude  angle_pos radial_velocity tangential_velocity thrust_r thrust_psi drag_r drag_psi gravity
5.43788  6.21092e-15  27.1894  1.98066e-07  4.11879e+07  0.279868  0  0  -2.76931e+06
16.3635  1.86858e-14  54.6279  3.97825e-07  4.11879e+07  0.279868  -814.572  -5.9339e-06  -2.74579e+06
32.8272  3.74784e-14  82.3186  5.99298e-07  4.11879e+07  0.279868  -3284.7  -2.39207e-05  -2.72226e+06
54.8801  6.26429e-14  110.265  8.02505e-07  4.11879e+07  0.279868  -7446.64  -5.42132e-05  -2.69873e+06
82.574  9.42345e-14  138.469  1.00747e-06  4.11879e+07  0.279868  -13331.7  -9.70277e-05  -2.67519e+06
115.961  1.32309e-13  166.936  1.21421e-06  4.11879e+07  0.279868  -20964.9  -0.000152535  -2.65165e+06
155.095  1.76922e-13  195.668  1.42275e-06  4.11879e+07  0.279868  -30364  -0.000220853  -2.62811e+06
200.028  2.28132e-13  224.668  1.63312e-06  4.11879e+07  0.279868  -41552.5  -0.000302139  -2.60456e+06
250.817  2.85995e-13  253.941  1.84534e-06  4.11879e+07  0.279868  -54786.5  -0.000398245  -2.581e+06
307.514  3.5057e-13  283.487  2.0594e-06  4.11879e+07  0.279868  -73200.5  -0.000531933  -2.55745e+06
370.171  4.2191e-13  313.284  2.27517e-06  4.11879e+07  0.279868  -125887  -0.00091451  -2.53388e+06
438.82  5.00049e-13  343.248  2.492e-06  4.11879e+07  0.279868  -294689  -0.00214012  -2.51032e+06
513.499  5.85021e-13  373.391  2.71e-06  4.11879e+07  0.279868  -449431  -0.00326289  -2.48675e+06
594.255  6.7688e-13  403.78  2.92964e-06  4.11879e+07  0.279868  -526220  -0.0038192  -2.46318e+06
681.145  7.75684e-13  434.451  3.1512e-06  4.11879e+07  0.279868  -562190  -0.00407899  -2.4396e+06
774.234  8.81502e-13  465.446  3.37495e-06  4.11879e+07  0.279868  -555562  -0.00402965  -2.41602e+06
873.592  9.24911e-09  496.79  0.294966  4.11864e+07  360147  -522048  -0.00378538  -2.39244e+06
979.287  4.4251e-08  528.476  1.11638  4.11759e+07  993375  -499190  -296.391  -2.36885e+06
1091.38  1.42398e-07  560.445  3.13044  4.11173e+07  2.41185e+06  -505552  -1067.96  -2.34526e+06
1209.91  3.29851e-07  592.674  5.97902  4.10491e+07  3.37846e+06  -536001  -2993.9  -2.32167e+06
1334.92  6.54302e-07  625.059  10.3489  4.0867e+07  5.13155e+06  -580724  -5858.46  -2.29807e+06
1466.45  1.14632e-06  657.625  15.6941  4.07162e+07  6.21591e+06  -633049  -10481.2  -2.27447e+06
1604.52  1.83583e-06  690.352  21.9942  4.0544e+07  7.25484e+06  -689657  -16458.5  -2.25087e+06
1749.14  2.76939e-06  723.109  29.7791  4.02205e+07  8.87469e+06  -748904  -23859.6  -2.22727e+06
1900.36  3.95953e-06  756.108  37.9649  4.01378e+07  9.24145e+06  -809721  -33346  -2.20366e+06
2058.23  5.42009e-06  789.343  46.5925  4.00427e+07  9.64519e+06  -872079  -43787.9  -2.18005e+06
2222.79  7.16416e-06  822.822  55.6375  3.99524e+07  1.00124e+07  -935654  -55228.8  -2.15644e+06
2394.09  9.21118e-06  856.494  65.3042  3.98025e+07  1.05929e+07  -1.0002e+06  -67631.5  -2.13283e+06
2572.17  1.15762e-05  890.399  75.4507  3.96899e+07  1.1007e+07  -1.06536e+06  -81229.3  -2.10921e+06
2757.07  1.42827e-05  924.46  86.3477  3.94916e+07  1.16987e+07  -1.13095e+06  -95834.8  -2.08559e+06
2943.89  1.7111e-05  934.106  90.2365  1.31031e+07  4.09899e+06  -1.19654e+06  -111761  -2.0091e+06
3132.62  2.00744e-05  943.66  94.5489  1.29638e+07  4.52032e+06  -1.19855e+06  -115782  -2.00115e+06
3323.26  2.3179e-05  953.193  99.0561  1.28977e+07  4.70561e+06  -1.19976e+06  -120209  -1.9932e+06
3515.79  2.64321e-05  962.687  103.8  1.28127e+07  4.93245e+06  -1.20034e+06  -124740  -1.98525e+06
3710.23  2.98376e-05  972.185  108.665  1.2771e+07  5.03939e+06  -1.20025e+06  -129415  -1.9773e+06
3906.56  3.34036e-05  981.63  113.789  1.26712e+07  5.2854e+06  -1.19958e+06  -134082  -1.96935e+06
4104.77  3.71333e-05  991.086  119.015  1.2635e+07  5.37131e+06  -1.1982e+06  -138894  -1.9614e+06
4304.89  4.1029e-05  1000.56  124.319  1.26083e+07  5.43365e+06  -1.19627e+06  -143654  -1.95345e+06
4506.89  4.50954e-05  1010.03  129.767  1.25531e+07  5.5599e+06  -1.19379e+06  -148327  -1.9455e+06
4710.8  4.93358e-05  1019.51  135.329  1.25106e+07  5.65505e+06  -1.1907e+06  -152979  -1.93754e+06
4916.57  5.37608e-05  1028.89  141.22  1.23676e+07  5.96118e+06  -1.18704e+06  -157566  -1.92959e+06
5124.22  5.83759e-05  1038.24  147.295  1.22878e+07  6.12406e+06  -1.1826e+06  -162317  -1.92164e+06
5333.74  6.31857e-05  1047.58  153.512  1.22284e+07  6.24173e+06  -1.17753e+06  -167056  -1.91369e+06
5545.12  6.81958e-05  1056.89  159.912  1.2146e+07  6.40062e+06  -1.17187e+06  -171724  -1.90574e+06
5758.36  7.34092e-05  1066.22  166.404  1.211e+07  6.46857e+06  -1.16557e+06  -176355  -1.89779e+06
5973.47  7.88286e-05  1075.56  172.988  1.20742e+07  6.53505e+06  -1.15874e+06  -180843  -1.88983e+06
6190.44  8.44628e-05  1084.82  179.848  1.19387e+07  6.7794e+06  -1.15136e+06  -185178  -1.88188e+06
6409.24  9.0318e-05  1094.03  186.91  1.18409e+07  6.94894e+06  -1.14326e+06  -189537  -1.87393e+06
6629.88  9.63999e-05  1103.2  194.155  1.17513e+07  7.09944e+06  -1.13453e+06  -193830  -1.86598e+06
6852.36  0.000102711  1112.39  201.489  1.17157e+07  7.15801e+06  -1.12518e+06  -198025  -1.85802e+06
7076.68  0.000109255  1121.6  208.908  1.16812e+07  7.21416e+06  -1.11532e+06  -202020  -1.85007e+06
7302.86  0.000116032  1130.86  216.374  1.16703e+07  7.23168e+06  -1.10495e+06  -205806  -1.84212e+06
7530.89  0.000123045  1140.16  223.903  1.16503e+07  7.26384e+06  -1.09409e+06  -209339  -1.83417e+06
7760.77  0.000130298  1149.44  231.589  1.15748e+07  7.38362e+06  -1.08275e+06  -212629  -1.82622e+06
7992.51  0.000137798  1158.68  239.451  1.14869e+07  7.51967e+06  -1.07082e+06  -215750  -1.81826e+06
8226.09  0.000145548  1167.91  247.462  1.14144e+07  7.62919e+06  -1.0583e+06  -218707  -1.81031e+06
8461.52  0.000153552  1177.13  255.607  1.13517e+07  7.72217e+06  -1.04522e+06  -221467  -1.80236e+06
8698.79  0.000161815  1186.37  263.852  1.13091e+07  7.78446e+06  -1.0316e+06  -224006  -1.79441e+06
8937.9  0.000170341  1195.56  272.283  1.12125e+07  7.92302e+06  -1.01746e+06  -226287  -1.78646e+06
9178.84  0.000179137  1204.71  280.909  1.11082e+07  8.06853e+06  -1.00274e+06  -228370  -1.77851e+06
9421.6  0.00018821  1213.78  289.762  1.09808e+07  8.24106e+06  -987449  -230249  -1.77055e+06
9666.16  0.000197567  1222.78  298.842  1.08508e+07  8.41157e+06  -971559  -231936  -1.7626e+06
9912.5  0.000207214  1231.7  308.137  1.07261e+07  8.56993e+06  -955088  -233419  -1.75465e+06
10160.6  0.000217157  1240.62  317.571  1.06547e+07  8.65856e+06  -938063  -234676  -1.7467e+06
10410.5  0.000227399  1249.51  327.149  1.05812e+07  8.74825e+06  -920569  -235646  -1.73875e+06
10662.2  0.000237945  1258.37  336.9  1.04841e+07  8.86443e+06  -902618  -236324  -1.7308e+06
10915.6  0.000248803  1267.18  346.832  1.03808e+07  8.98515e+06  -884203  -236725  -1.72285e+06
11170.8  0.000259976  1275.95  356.938  1.02823e+07  9.09767e+06  -865344  -236848  -1.7149e+06
11427.8  0.00027147  1284.7  367.192  1.02049e+07  9.18439e+06  -842746  -235752  -1.70695e+06
11686.5  0.000283288  1293.45  377.588  1.01309e+07  9.26602e+06  -818653  -233986  -1.699e+06
11946.9  0.000295437  1302.19  388.129  1.00565e+07  9.34671e+06  -794841  -232033  -1.69106e+06
12209.1  0.000307919  1310.9  398.83  9.96862e+06  9.44037e+06  -771327  -229901  -1.68311e+06
12473  0.000320741  1319.58  409.694  9.87837e+06  9.53477e+06  -748117  -227608  -1.67516e+06
12738.6  0.000333908  1328.23  420.733  9.77765e+06  9.63803e+06  -725228  -225163  -1.66721e+06
13006  0.000347425  1336.83  431.946  9.67754e+06  9.73854e+06  -702670  -222580  -1.65927e+06
13275.1  0.000361298  1345.39  443.33  9.57932e+06  9.83517e+06  -680463  -219866  -1.65132e+06
13545.9  0.000375532  1353.92  454.871  9.49365e+06  9.91789e+06  -658627  -217030  -1.64337e+06
13818.3  0.000390131  1362.42  466.576  9.39993e+06  1.00068e+07  -637188  -214073  -1.63543e+06
14092.5  0.000405101  1370.88  478.45  9.30327e+06  1.00967e+07  -616155  -211009  -1.62748e+06
14368.4  0.000420447  1379.29  490.497  9.20058e+06  1.01903e+07  -595541  -207849  -1.61954e+06
14645.9  0.000436175  1387.66  502.707  9.10969e+06  1.02717e+07  -575357  -204606  -1.61159e+06
14925.1  0.000452289  1396  515.076  9.01953e+06  1.03509e+07  -555623  -201285  -1.60365e+06
15206  0.000468794  1404.31  527.596  8.93977e+06  1.04199e+07  -536350  -197895  -1.59571e+06
15488.5  0.000485695  1412.6  540.268  8.85638e+06  1.04909e+07  -517552  -194442  -1.58776e+06
15772.7  0.000502996  1420.85  553.098  8.77003e+06  1.05632e+07  -499233  -190939  -1.57982e+06
16058.5  0.000520703  1429.05  566.099  8.66934e+06  1.0646e+07  -481400  -187396  -1.57188e+06
16345.9  0.000538821  1437.19  579.273  8.56656e+06  1.07288e+07  -464048  -183826  -1.56394e+06
16635  0.000557356  1445.28  592.616  8.46789e+06  1.08069e+07  -447180  -180240  -1.556e+06
16925.6  0.000576312  1453.34  606.11  8.38731e+06  1.08695e+07  -430801  -176643  -1.54806e+06
17217.9  0.000595691  1461.47  619.678  8.38731e+06  1.08695e+07  -414917  -173040  -1.54012e+06
17511.9  0.000615498  1469.59  633.385  8.32037e+06  1.09209e+07  -399559  -169417  -1.53218e+06
17807.4  0.000635737  1477.71  647.219  8.26729e+06  1.09611e+07  -384690  -165800  -1.52425e+06
18104.6  0.000656412  1485.82  661.184  8.21094e+06  1.10034e+07  -370311  -162192  -1.51631e+06
18403.3  0.000677526  1493.92  675.291  8.14376e+06  1.10532e+07  -356413  -158602  -1.50837e+06
18703.7  0.000699086  1501.97  689.563  8.05282e+06  1.11196e+07  -342981  -155037  -1.50044e+06
19005.7  0.000721097  1509.96  704.005  7.95645e+06  1.11888e+07  -330000  -151505  -1.4925e+06
19309.3  0.000743563  1517.9  718.611  7.86656e+06  1.12522e+07  -317458  -148012  -1.48457e+06
19614.5  0.000766489  1525.82  733.363  7.79709e+06  1.13004e+07  -305348  -144559  -1.47664e+06
19921.2  0.000789878  1533.81  748.198  7.79709e+06  1.13004e+07  -293665  -141146  -1.4687e+06
20229.6  0.000813734  1541.79  763.171  7.7388e+06  1.13404e+07  -282419  -137765  -1.46077e+06
20423.9  0.00085875  971.533  1440.18  7.68905e+06  1.13742e+07  -169573  -250845  -1.45284e+06
20618.5  0.000904372  973.15  1459.59  7.6272e+06  1.14158e+07  -165530  -247752  -1.44496e+06
20815.1  0.000950438  982.663  1473.83  7.6272e+06  1.14158e+07  -162924  -243852  -1.43709e+06
21011.5  0.000997161  982.081  1494.89  7.54932e+06  1.14674e+07  -158709  -241079  -1.42921e+06
21209.8  0.00104433  991.619  1509.38  7.54932e+06  1.14674e+07  -156236  -237323  -1.42133e+06
21407.5  0.00109222  988.601  1532.19  7.45439e+06  1.15294e+07  -151854  -234865  -1.41346e+06
21604.6  0.00114082  985.366  1555.14  7.35916e+06  1.15904e+07  -147610  -232480  -1.40558e+06
21803.6  0.00118989  994.852  1570.09  7.35916e+06  1.15904e+07  -145387  -228978  -1.39771e+06
22002.1  0.00123965  992.891  1592.37  7.27502e+06  1.16434e+07  -141542  -226533  -1.38984e+06
22202.6  0.00128988  1002.39  1607.58  7.27502e+06  1.16434e+07  -139428  -223148  -1.38197e+06
22403.3  0.00134076  1003.3  1628.26  7.21294e+06  1.16819e+07  -136153  -220510  -1.37409e+06
22605.9  0.00139213  1012.85  1643.73  7.21294e+06  1.16819e+07  -134116  -217212  -1.36622e+06
22808.9  0.00144411  1015.12  1663.8  7.16128e+06  1.17137e+07  -131142  -214508  -1.35835e+06
23013.8  0.00149659  1024.72  1679.51  7.16128e+06  1.17137e+07  -129166  -211277  -1.35048e+06
23219.3  0.00154969  1027.24  1699.66  7.11195e+06  1.17437e+07  -126320  -208588  -1.34261e+06
23426.7  0.0016033  1036.91  1715.62  7.11195e+06  1.17437e+07  -124397  -205413  -1.33474e+06
23634.2  0.00165756  1037.7  1737.06  7.05139e+06  1.17801e+07  -121435  -202871  -1.32687e+06
23843.7  0.00171234  1047.41  1753.28  7.05139e+06  1.17801e+07  -119570  -199755  -1.31901e+06
24053  0.00176781  1046.88  1775.74  6.98281e+06  1.18209e+07  -116561  -197322  -1.31114e+06
24261.9  0.00182403  1044.34  1799.44  6.90177e+06  1.18684e+07  -113424  -195046  -1.30327e+06
24472.7  0.00188076  1054.04  1816.13  6.90177e+06  1.18684e+07  -111684  -192054  -1.29541e+06
24683  0.00193824  1051.43  1840.07  6.82165e+06  1.19147e+07  -108667  -189797  -1.28754e+06
24895.2  0.00199624  1061.16  1857.06  6.82165e+06  1.19147e+07  -106989  -186866  -1.27968e+06
25107.2  0.00205504  1060  1882.52  6.74624e+06  1.19575e+07  -104145  -184594  -1.1668e+06
25321.4  0.00211443  1070.67  1901.44  6.74624e+06  1.19575e+07  -102691  -182017  -1.15895e+06
25535.6  0.0021746  1070.99  1926.36  6.68124e+06  1.1994e+07  -100252  -179969  -1.15109e+06
25751.9  0.00223536  1081.72  1945.63  6.68124e+06  1.1994e+07  -98825.5  -177409  -1.14324e+06
25968.4  0.00229691  1082.26  1970.73  6.61855e+06  1.20287e+07  -96475.3  -175336  -1.13538e+06
26187  0.00235907  1093.05  1990.35  6.61855e+06  1.20287e+07  -95074.2  -172789  -1.12753e+06
26405.6  0.00242203  1093.14  2016.02  6.55401e+06  1.2064e+07  -92750.1  -170725  -1.11968e+06
26624  0.00248581  1091.89  2042.53  6.4823e+06  1.21026e+07  -90376.2  -168735  -1.11183e+06
26844.5  0.00255022  1102.71  2062.74  6.4823e+06  1.21026e+07  -89042.8  -166245  -1.10398e+06
27064.4  0.0026155  1099.3  2090.7  6.39914e+06  1.21468e+07  -86575.2  -164337  -1.09613e+06
27286.4  0.00268143  1110.15  2111.3  6.39914e+06  1.21468e+07  -85280.9  -161880  -1.08828e+06
27507.5  0.00274825  1105.35  2140.28  6.3095e+06  1.21936e+07  -82801.9  -160021  -1.08043e+06
27730.7  0.00281573  1116.22  2161.29  6.3095e+06  1.21936e+07  -81551.1  -157604  -1.07258e+06
27953  0.00288413  1111.18  2190.67  6.22016e+06  1.22394e+07  -79155.5  -155754  -1.06474e+06
28177.4  0.00295319  1122.07  2212.1  6.22016e+06  1.22394e+07  -77947.6  -153378  -1.05689e+06
28401  0.00302316  1118.13  2241.22  6.13842e+06  1.22806e+07  -75724.3  -151495  -1.04905e+06
28626.8  0.00309381  1129.05  2263.08  6.13842e+06  1.22806e+07  -74554.5  -149155  -1.0412e+06
28852.1  0.00316535  1126.28  2291.95  6.06437e+06  1.23174e+07  -72493  -147241  -1.03336e+06
29077.1  0.00323778  1125.08  2320.19  5.99957e+06  1.23491e+07  -70594.4  -145306  -1.02552e+06
29304.3  0.0033109  1136.02  2342.72  5.99957e+06  1.23491e+07  -69491.6  -143036  -1.01768e+06
29531.3  0.00338492  1135.11  2371.2  5.93721e+06  1.23792e+07  -67672.6  -141098  -1.00984e+06
29760.5  0.00345964  1146.12  2394.17  5.93721e+06  1.23792e+07  -66596.5  -138855  -1.002e+06
29989.5  0.00353528  1144.84  2423.22  5.87383e+06  1.24094e+07  -64816.4  -136935  -994161
30220.7  0.00361164  1155.92  2446.64  5.87383e+06  1.24094e+07  -63768.4  -134720  -986323
30451.4  0.00368893  1153.66  2476.56  5.80638e+06  1.24411e+07  -61996.4  -132837  -978486
30681.8  0.00376715  1151.87  2506.43  5.74203e+06  1.24709e+07  -60303.7  -130971  -970651
30914.4  0.00384612  1162.99  2530.58  5.74203e+06  1.24709e+07  -59319.1  -128833  -962816
31146.8  0.00392601  1162.19  2560.43  5.68342e+06  1.24977e+07  -57736  -126960  -954982
31381.5  0.00400668  1173.38  2585.05  5.68342e+06  1.24977e+07  -56777.5  -124852  -947149
31616.4  0.00408826  1174.55  2614.47  5.63495e+06  1.25196e+07  -55340.8  -122955  -939317
31853.6  0.00417062  1185.85  2639.58  5.63495e+06  1.25196e+07  -54403.7  -120873  -931486
32091.2  0.00425389  1188.12  2668.99  5.59209e+06  1.25388e+07  -53058.5  -118970  -923655
32329.5  0.00433807  1191.67  2698.08  5.55552e+06  1.25551e+07  -51763.1  -116981  -915825
32570.2  0.00442306  1203.11  2723.95  5.55552e+06  1.25551e+07  -50771.9  -114741  -907997
32811.4  0.00450897  1206.25  2753.75  5.51715e+06  1.2572e+07  -49442.5  -112665  -900169
33055  0.00459569  1217.82  2780.13  5.51715e+06  1.2572e+07  -48483.1  -110479  -892341
33299.1  0.00468337  1220.77  2810.56  5.47807e+06  1.25891e+07  -47193  -108454  -884515
33543.7  0.00477201  1222.61  2841.74  5.43431e+06  1.2608e+07  -45896.3  -106483  -876689
33790.5  0.0048615  1234.33  2868.95  5.43431e+06  1.2608e+07  -44997  -104397  -868864
34037.7  0.00495199  1235.64  2900.93  5.3885e+06  1.26277e+07  -43732.1  -102484  -861040
34287.1  0.00504333  1247.49  2928.7  5.3885e+06  1.26277e+07  -42867.2  -100457  -853217
34536.8  0.0051357  1248.14  2961.54  5.3402e+06  1.26482e+07  -41632.1  -98604.9  -845395
34786.5  0.0052291  1248.56  2994.75  5.29137e+06  1.26687e+07  -40429.2  -96796.3  -837574
35038.6  0.00532339  1260.54  3023.44  5.29137e+06  1.26687e+07  -39627.8  -94877.4  -829754
35290.7  0.00541874  1260.64  3057.39  5.24158e+06  1.26894e+07  -38466.9  -93124.5  -821935
35545.3  0.00551499  1272.74  3086.71  5.24158e+06  1.26894e+07  -37699.3  -91266.3  -814117
35799.8  0.00561233  1272.44  3121.45  5.1906e+06  1.27103e+07  -36578.4  -89570.2  -806299
36054.2  0.00571075  1272.29  3156.45  5.14065e+06  1.27306e+07  -35499.5  -87913  -798483
36311.1  0.00581011  1284.52  3186.77  5.14065e+06  1.27306e+07  -34791.9  -86160.6  -790668
36568.1  0.00591058  1284.69  3222.3  5.09239e+06  1.275e+07  -33769.9  -84550.7  -782853
36827.5  0.00601201  1297.07  3253.3  5.09239e+06  1.275e+07  -33092.8  -82855.4  -775040
37086.9  0.00611457  1297.01  3289.61  5.04362e+06  1.27693e+07  -32110.8  -81297.5  -767228
37346.3  0.00621827  1296.94  3326.27  4.99522e+06  1.27883e+07  -31161.7  -79777.6  -759417
37608.2  0.00632296  1309.47  3358.38  4.99522e+06  1.27883e+07  -30538  -78180.8  -751607
37870  0.00642882  1309.05  3395.91  4.94586e+06  1.28075e+07  -29623.8  -76712.2  -743797
38131.7  0.00653586  1308.49  3433.85  4.89642e+06  1.28265e+07  -28738.2  -75281.6  -735990
38395.9  0.00664393  1321.19  3467.12  4.89642e+06  1.28265e+07  -28165.1  -73780.3  -728183
38660  0.00675321  1320.57  3505.87  4.84714e+06  1.28452e+07  -27319.1  -72397.2  -720377
38924.2  0.00686368  1320.87  3544.65  4.8016e+06  1.28623e+07  -26520.8  -71042.7  -712572
39190.9  0.00697523  1333.75  3579.17  4.8016e+06  1.28623e+07  -25993.7  -69630.8  -704769
39458  0.007088  1335.53  3618.25  4.76161e+06  1.28771e+07  -25259.1  -68309.8  -696966
39727.8  0.00720186  1348.6  3653.61  4.76161e+06  1.28771e+07  -24753.7  -66943.2  -689165
39998  0.00731695  1350.93  3693.38  4.72361e+06  1.28911e+07  -24059.3  -65660  -681364
40268.6  0.00743329  1353.32  3733.59  4.68602e+06  1.29049e+07  -23387  -64405.7  -673565
40541.9  0.00755077  1366.64  3770.3  4.68602e+06  1.29049e+07  -22918  -63114  -665766
40815.6  0.00766954  1368.16  3811.78  4.64545e+06  1.29195e+07  -22258.9  -61904.3  -657969
41089.3  0.00778962  1368.78  3854.05  4.60213e+06  1.2935e+07  -21606.7  -60729.1  -650173
41365.8  0.00791089  1382.35  3892.23  4.60213e+06  1.2935e+07  -21174.3  -59513.8  -642378
41642.2  0.00803351  1381.81  3935.93  4.55514e+06  1.29516e+07  -20534.1  -58384.5  -634583
41918.5  0.0081575  1381.77  3979.95  4.51013e+06  1.29674e+07  -19923.6  -57283.7  -626791
42197.6  0.00828272  1395.59  4019.7  4.51013e+06  1.29674e+07  -19527.7  -56145.3  -618999
42477  0.00840933  1396.75  4064.41  4.46915e+06  1.29816e+07  -18961.5  -55077.6  -611209
42757  0.00853732  1400.04  4108.94  4.43515e+06  1.29932e+07  -18442  -54027.6  -603419
43039.8  0.00866659  1414.17  4150.36  4.43515e+06  1.29932e+07  -18075.8  -52954.8  -595631
43323.5  0.00879727  1418.61  4195.7  4.40452e+06  1.30036e+07  -17590.7  -51933.7  -587844
43608.2  0.00892938  1423.11  4241.64  4.37409e+06  1.30139e+07  -17119.7  -50934.9  -580058
43895.7  0.00906282  1437.62  4284.86  4.37409e+06  1.30139e+07  -16778.4  -49919.3  -572273
44183.9  0.00919774  1441.22  4332.4  4.34069e+06  1.30251e+07  -16314.7  -48955.4  -564489
44472.8  0.00933416  1444.34  4380.76  4.30589e+06  1.30366e+07  -15859.4  -48016.3  -556706
44764.7  0.00947198  1459.25  4425.93  4.30589e+06  1.30366e+07  -15543.2  -47059  -548925
45057  0.00961135  1461.72  4475.91  4.26902e+06  1.30487e+07  -15099.7  -46154.1  -541144
45350  0.00975229  1464.77  4526.41  4.23393e+06  1.30602e+07  -14676.1  -45270.6  -533365
45646  0.00989469  1480.09  4573.7  4.23393e+06  1.30602e+07  -14384.5  -44371  -525587
45942.9  0.0100387  1484.5  4625.3  4.20246e+06  1.30703e+07  -13991  -43514.2  -517810
46240.9  0.0101843  1489.97  4677.36  4.17394e+06  1.30795e+07  -13618.5  -42675  -510035
46542  0.0103315  1505.78  4726.95  4.17394e+06  1.30795e+07  -13347.6  -41826.1  -502260
46844.4  0.0104803  1511.83  4780.51  4.14653e+06  1.30882e+07  -12993.6  -41013.1  -494487
47147.9  0.0106308  1517.33  4835.11  4.11751e+06  1.30973e+07  -12644.3  -40220.2  -486715
47452.3  0.010783  1522  4890.88  4.08618e+06  1.31071e+07  -12316.8  -39508.1  -478944
47760  0.0109369  1538.51  4943.89  4.08618e+06  1.31071e+07  -12109.4  -38842.9  -471174
48068.4  0.0110926  1542.21  5001.86  4.05186e+06  1.31178e+07  -11802  -38208.6  -463406
48377.4  0.0112501  1545.02  5061.09  4.01521e+06  1.31291e+07  -11495.4  -37587.9  -455639
48686.8  0.0114095  1547  5121.58  3.97646e+06  1.31408e+07  -11190.6  -36981  -447873
48999.6  0.0115706  1564.21  5178.52  3.97646e+06  1.31408e+07  -11001  -36354.7  -440108
49312.9  0.0117337  1566.37  5241.12  3.93792e+06  1.31524e+07  -10706.8  -35760.1  -432345
49626.7  0.0118988  1568.87  5304.74  3.90025e+06  1.31637e+07  -10422.8  -35177.7  -424583
49941.1  0.0120658  1571.9  5369.36  3.86394e+06  1.31744e+07  -10149.9  -34606.8  -416823
50256.1  0.0122349  1574.92  5435.2  3.82759e+06  1.3185e+07  -9884.08  -34047.8  -409064
50574.7  0.012406  1593.11  5497.92  3.82759e+06  1.3185e+07  -9717.57  -33474.3  -401306
50894  0.0125791  1596.79  5566.17  3.79237e+06  1.31951e+07  -9463.29  -32926.5  -393550
51213.9  0.0127545  1599.51  5636.06  3.75482e+06  1.32059e+07  -9210.03  -32392.1  -385795
51534.4  0.012932  1602.07  5707.58  3.71677e+06  1.32166e+07  0  0  -378041
51855.1  0.0131118  1603.82  5780.79  3.67685e+06  1.32278e+07  0  0  -370289
52176.5  0.0132939  1606.76  5855.21  3.63966e+06  1.32381e+07  0  0  -362539
52501.7  0.0134783  1626.38  5926.67  3.63966e+06  1.32381e+07  0  0  -354790
52827.9  0.013665  1630.62  6004.05  3.60476e+06  1.32476e+07  0  0  -347042
53155.2  0.0138542  1636.4  6082.78  3.57308e+06  1.32562e+07  0  0  -339295
53483.7  0.0140458  1642.61  6163.23  3.54206e+06  1.32645e+07  0  0  -331550
53813.4  0.01424  1648.82  6245.62  3.5108e+06  1.32728e+07  0  0  -323807
54144.4  0.0144368  1654.72  6330.13  3.47859e+06  1.32813e+07  0  0  -316065
54476.5  0.0146364  1660.41  6416.81  3.44566e+06  1.32899e+07  0  0  -308324
54809.7  0.0148386  1665.99  6505.76  3.41225e+06  1.32985e+07  0  0  -300585
55144  0.0150437  1671.83  6596.99  3.37905e+06  1.3307e+07  0  0  -292847
55479.6  0.0152517  1677.81  6690.66  3.34583e+06  1.33154e+07  0  0  -285111
55816.3  0.0154627  1683.49  6787.03  3.31165e+06  1.33239e+07  0  0  -277377
56154  0.0156768  1688.37  6886.36  3.2756e+06  1.33328e+07  0  0  -269643
56492.5  0.015894  1692.91  6988.69  3.23859e+06  1.33419e+07  0  0  -261912
56832  0.0161145  1697.49  7094.11  3.20132e+06  1.33509e+07  0  0  -254182
57172.6  0.0163383  1702.62  7202.69  3.16472e+06  1.33596e+07  0  0  -246453
57514.4  0.0165656  1709.36  7314.39  3.13067e+06  1.33676e+07  0  0  -238726
57857.9  0.0167965  1717.54  7429.5  3.09869e+06  1.33751e+07  0  0  -231001
58203.4  0.0170311  1727.24  7548.28  3.06881e+06  1.33819e+07  0  0  -223277
58551.1  0.0172694  1738.3  7671.04  3.04054e+06  1.33884e+07  0  0  -215555
58901.1  0.0175117  1749.97  7798.3  3.01249e+06  1.33947e+07  0  0  -207834
59247.7  0.0177541  1733.1  7801.63  0  0  0  0  -96209
59591  0.0179966  1716.53  7804.87  0  0  0  0  -96198.6
59931.1  0.0182392  1700.77  7807.9  0  0  0  0  -96188.3
60268.2  0.0184818  1685.42  7810.81  0  0  0  0  -96178.2
60602.3  0.0187245  1670.34  7813.64  0  0  0  0  -96168.1
60933.4  0.0189673  1655.39  7816.42  0  0  0  0  -96158.1
61258  0.0192103  1622.96  7822.81  0  0  0  0  -96148.2
61578.9  0.0194533  1604.99  7826.13  0  0  0  0  -96138.5
61896.1  0.0196965  1585.78  7829.65  0  0  0  0  -96129
62209.3  0.0199398  1566.02  7833.24  0  0  0  0  -96119.5
62518.6  0.0201831  1546.4  7836.76  0  0  0  0  -96110.1
62824.2  0.0204266  1527.85  7840.02  0  0  0  0  -96100.9
63126.4  0.0206701  1510.95  7842.93  0  0  0  0  -96091.8
63425.5  0.0209137  1495.82  7845.46  0  0  0  0  -96082.8
63722  0.0211573  1482.2  7847.68  0  0  0  0  -96073.8
64015.8  0.021401  1469.12  7849.78  0  0  0  0  -96065
64306.9  0.0216448  1455.76  7851.91  0  0  0  0  -96056.2
64595.3  0.0218886  1441.85  7854.12  0  0  0  0  -96047.6
64880.9  0.0221325  1428.08  7856.29  0  0  0  0  -96039
65164  0.0223764  1415.4  7858.24  0  0  0  0  -96030.4
65444.9  0.0226204  1404.37  7859.87  0  0  0  0  -96022
65723.6  0.0228644  1393.88  7861.4  0  0  0  0  -96013.6
66000.1  0.0231084  1382.16  7863.13  0  0  0  0  -96005.3
66273.7  0.0233525  1368.1  7865.25  0  0  0  0  -95997.1
66544  0.0235967  1351.43  7867.8  0  0  0  0  -95988.9
66810.7  0.0238409  1333.38  7870.56  0  0  0  0  -95980.9
67073.7  0.0240853  1315.2  7873.3  0  0  0  0  -95972.9
67333.4  0.0243296  1298.38  7875.77  0  0  0  0  -95965.1
67590  0.0245741  1283.2  7877.94  0  0  0  0  -95957.4
67840.9  0.0248187  1254.41  7882.27  0  0  0  0  -95949.7
68088.7  0.0250633  1239.22  7884.37  0  0  0  0  -95942.3
68333.6  0.025308  1224.18  7886.43  0  0  0  0  -95934.9
68575.6  0.0255527  1209.95  7888.33  0  0  0  0  -95927.6
68815  0.0257975  1197.1  7889.99  0  0  0  0  -95920.4
69054.4  0.0260422  1197.06  7889.71  0  0  0  0  -95913.3
69291.5  0.026287  1185.31  7891.19  0  0  0  0  -95906.2
69526.3  0.0265318  1174.25  7892.56  0  0  0  0  -95899.1
69758.9  0.0267767  1162.91  7893.96  0  0  0  0  -95892.1
69989.1  0.0270216  1151.02  7895.42  0  0  0  0  -95885.2
70216.8  0.0272665  1138.72  7896.93  0  0  0  0  -95878.4
74912.3  0.0327786  1043.43  7904.15  0  0  0  0  -95871.6
78370.4  0.0383065  768.467  7931.2  0  0  0  0  -95732.1
80946.3  0.0438414  572.432  7944.41  0  0  0  0  -95629.6
82805.9  0.0493799  413.233  7951.82  0  0  0  0  -95553.3
84217.1  0.054919  313.599  7954.44  0  0  0  0  -95498.3
85365.6  0.0604575  255.231  7954.91  0  0  0  0  -95456.6
86382.2  0.0659947  225.905  7954.34  0  0  0  0  -95422.7
87361.2  0.0715302  217.554  7953.17  0  0  0  0  -95392.7
88296.3  0.0770642  207.818  7952.07  0  0  0  0  -95363.8
89185.9  0.0825967  197.669  7951.03  0  0  0  0  -95336.2
90009.1  0.0881279  182.944  7950.16  0  0  0  0  -95310
90791.7  0.0936577  173.913  7949.19  0  0  0  0  -95285.7
91499.4  0.0991864  157.253  7948.46  0  0  0  0  -95262.7
92130.2  0.104714  140.181  7947.79  0  0  0  0  -95241.8
92702.3  0.110241  127.137  7947.09  0  0  0  0  -95223.3
93185.1  0.115767  107.298  7946.57  0  0  0  0  -95206.4
93604.3  0.121292  93.149  7946.01  0  0  0  0  -95192.2
93951.7  0.126817  77.1992  7945.53  0  0  0  0  -95179.9
94215.5  0.132341  58.6164  7945.14  0  0  0  0  -95169.7
94363.8  0.137865  32.9625  7944.88  0  0  0  0  -95161.9
94433.5  0.143388  15.4912  7944.61  0  0  0  0  -95157.6
94448.9  0.148911  3.42807  7944.38  0  0  0  0  -95155.5
94464.4  0.154435  3.42831  7944.12  0  0  0  0  -95155.1
94452.3  0.159958  -2.67239  7943.9  0  0  0  0  -95154.6
94440.3  0.165481  -2.67253  7943.68  0  0  0  0  -95155
94428.3  0.171003  -2.67267  7943.47  0  0  0  0  -95155.3
94416.3  0.176526  -2.6728  7943.25  0  0  0  0  -95155.7
94404.2  0.182048  -2.67294  7943.03  0  0  0  0  -95156
94392.2  0.187571  -2.67308  7942.81  0  0  0  0  -95156.4
94380.2  0.193093  -2.67322  7942.59  0  0  0  0  -95156.7
94368.1  0.198615  -2.67336  7942.37  0  0  0  0  -95157.1
94356.1  0.204137  -2.67349  7942.15  0  0  0  0  -95157.4
94344.1  0.209659  -2.67363  7941.93  0  0  0  0  -95157.8
94332  0.21518  -2.67377  7941.71  0  0  0  0  -95158.1
94320  0.220702  -2.67391  7941.49  0  0  0  0  -95158.5
94308  0.226223  -2.67405  7941.27  0  0  0  0  -95158.9
94295.9  0.231744  -2.67419  7941.05  0  0  0  0  -95159.2
94283.9  0.237265  -2.67433  7940.83  0  0  0  0  -95159.6
94271.9  0.242786  -2.67446  7940.62  0  0  0  0  -95159.9
94259.8  0.248307  -2.6746  7940.4  0  0  0  0  -95160.3
94247.8  0.253827  -2.67474  7940.18  0  0  0  0  -95160.6
94235.8  0.259348  -2.67488  7939.96  0  0  0  0  -95161
94223.7  0.264868  -2.67502  7939.74  0  0  0  0  -95161.3
94211.7  0.270388  -2.67516  7939.52  0  0  0  0  -95161.7
94199.6  0.275909  -2.6753  7939.3  0  0  0  0  -95162
94187.6  0.281428  -2.67544  7939.08  0  0  0  0  -95162.4
94175.6  0.286948  -2.67558  7938.86  0  0  0  0  -95162.7
94163.5  0.292468  -2.67572  7938.64  0  0  0  0  -95163.1
94151.5  0.297987  -2.67586  7938.42  0  0  0  0  -95163.5
94139.4  0.303507  -2.676  7938.2  0  0  0  0  -95163.8
94127.4  0.309026  -2.67613  7937.98  0  0  0  0  -95164.2
94115.4  0.314545  -2.67627  7937.77  0  0  0  0  -95164.5
94103.3  0.320064  -2.67641  7937.55  0  0  0  0  -95164.9
94091.3  0.325583  -2.67655  7937.33  0  0  0  0  -95165.2
94079.2  0.331101  -2.67669  7937.11  0  0  0  0  -95165.6
94067.2  0.33662  -2.67683  7936.89  0  0  0  0  -95165.9
94055.1  0.342138  -2.67697  7936.67  0  0  0  0  -95166.3
94043.1  0.347656  -2.67711  7936.45  0  0  0  0  -95166.6
94031  0.353174  -2.67725  7936.23  0  0  0  0  -95167
94019  0.358692  -2.67739  7936.01  0  0  0  0  -95167.3
94006.9  0.36421  -2.67753  7935.79  0  0  0  0  -95167.7
93994.9  0.369728  -2.67768  7935.57  0  0  0  0  -95168.1
93982.8  0.375245  -2.67782  7935.35  0  0  0  0  -95168.4
93970.8  0.380762  -2.67796  7935.13  0  0  0  0  -95168.8
93958.7  0.38628  -2.6781  7934.92  0  0  0  0  -95169.1
93946.7  0.391797  -2.67824  7934.7  0  0  0  0  -95169.5
93934.6  0.397314  -2.67838  7934.48  0  0  0  0  -95169.8
93922.6  0.40283  -2.67852  7934.26  0  0  0  0  -95170.2
93910.5  0.408347  -2.67866  7934.04  0  0  0  0  -95170.5
93898.5  0.413864  -2.6788  7933.82  0  0  0  0  -95170.9
93886.4  0.41938  -2.67894  7933.6  0  0  0  0  -95171.2
93874.4  0.424896  -2.67908  7933.38  0  0  0  0  -95171.6
93862.3  0.430412  -2.67922  7933.16  0  0  0  0  -95172
93850.2  0.435928  -2.67937  7932.94  0  0  0  0  -95172.3
93838.2  0.441444  -2.67951  7932.72  0  0  0  0  -95172.7
93826.1  0.446959  -2.67965  7932.5  0  0  0  0  -95173
93814.1  0.452475  -2.67979  7932.28  0  0  0  0  -95173.4
93802  0.45799  -2.67993  7932.06  0  0  0  0  -95173.7
93790  0.463506  -2.68007  7931.85  0  0  0  0  -95174.1
93777.9  0.469021  -2.68021  7931.63  0  0  0  0  -95174.4
93765.8  0.474536  -2.68036  7931.41  0  0  0  0  -95174.8
93753.8  0.48005  -2.6805  7931.19  0  0  0  0  -95175.1
93741.7  0.485565  -2.68064  7930.97  0  0  0  0  -95175.5
93729.6  0.491079  -2.68078  7930.75  0  0  0  0  -95175.9
93717.6  0.496594  -2.68092  7930.53  0  0  0  0  -95176.2
93705.5  0.502108  -2.68107  7930.31  0  0  0  0  -95176.6
93693.4  0.507622  -2.68121  7930.09  0  0  0  0  -95176.9
93681.4  0.513136  -2.68135  7929.87  0  0  0  0  -95177.3
93669.3  0.51865  -2.68149  7929.65  0  0  0  0  -95177.6
93657.2  0.524164  -2.68164  7929.43  0  0  0  0  -95178
93645.2  0.529677  -2.68178  7929.21  0  0  0  0  -95178.3
93633.1  0.53519  -2.68192  7929  0  0  0  0  -95178.7
93621  0.540704  -2.68206  7928.78  0  0  0  0  -95179.1
93609  0.546217  -2.68221  7928.56  0  0  0  0  -95179.4
93596.9  0.55173  -2.68235  7928.34  0  0  0  0  -95179.8
93584.8  0.557242  -2.68249  7928.12  0  0  0  0  -95180.1
93572.8  0.562755  -2.68263  7927.9  0  0  0  0  -95180.5
93560.7  0.568268  -2.68278  7927.68  0  0  0  0  -95180.8
93548.6  0.57378  -2.68292  7927.46  0  0  0  0  -95181.2
93536.5  0.579292  -2.68306  7927.24  0  0  0  0  -95181.5
93524.5  0.584804  -2.68321  7927.02  0  0  0  0  -95181.9
93512.4  0.590316  -2.68335  7926.8  0  0  0  0  -95182.2
93500.3  0.595828  -2.68349  7926.58  0  0  0  0  -95182.6
93488.2  0.60134  -2.68364  7926.36  0  0  0  0  -95183
93476.2  0.606851  -2.68378  7926.14  0  0  0  0  -95183.3
93464.1  0.612363  -2.68392  7925.93  0  0  0  0  -95183.7
93452  0.617874  -2.68407  7925.71  0  0  0  0  -95184
93439.9  0.623385  -2.68421  7925.49  0  0  0  0  -95184.4
93427.8  0.628896  -2.68436  7925.27  0  0  0  0  -95184.7
93415.8  0.634407  -2.6845  7925.05  0  0  0  0  -95185.1
93403.7  0.639917  -2.68464  7924.83  0  0  0  0  -95185.4
93391.6  0.645428  -2.68479  7924.61  0  0  0  0  -95185.8
93379.5  0.650938  -2.68493  7924.39  0  0  0  0  -95186.2
93367.4  0.656448  -2.68508  7924.17  0  0  0  0  -95186.5
93355.4  0.661959  -2.68522  7923.95  0  0  0  0  -95186.9
93343.3  0.667469  -2.68536  7923.73  0  0  0  0  -95187.2
93331.2  0.672978  -2.68551  7923.51  0  0  0  0  -95187.6
93319.1  0.678488  -2.68565  7923.29  0  0  0  0  -95187.9
93307  0.683998  -2.6858  7923.08  0  0  0  0  -95188.3
93294.9  0.689507  -2.68594  7922.86  0  0  0  0  -95188.6
93282.8  0.695016  -2.68609  7922.64  0  0  0  0  -95189
93270.8  0.700525  -2.68623  7922.42  0  0  0  0  -95189.4
93258.7  0.706034  -2.68638  7922.2  0  0  0  0  -95189.7
93246.6  0.711543  -2.68652  7921.98  0  0  0  0  -95190.1
93234.5  0.717052  -2.68667  7921.76  0  0  0  0  -95190.4
93222.4  0.72256  -2.68681  7921.54  0  0  0  0  -95190.8
93210.3  0.728069  -2.68696  7921.32  0  0  0  0  -95191.1
93198.2  0.733577  -2.6871  7921.1  0  0  0  0  -95191.5
93186.1  0.739085  -2.68725  7920.88  0  0  0  0  -95191.8
93174  0.744593  -2.68739  7920.66  0  0  0  0  -95192.2
93161.9  0.750101  -2.68754  7920.44  0  0  0  0  -95192.6
93149.8  0.755608  -2.68768  7920.22  0  0  0  0  -95192.9
93137.7  0.761116  -2.68783  7920.01  0  0  0  0  -95193.3
93125.6  0.766623  -2.68797  7919.79  0  0  0  0  -95193.6
93113.5  0.772131  -2.68812  7919.57  0  0  0  0  -95194
93101.4  0.777638  -2.68826  7919.35  0  0  0  0  -95194.3
93089.4  0.783145  -2.68841  7919.13  0  0  0  0  -95194.7
93077.3  0.788652  -2.68856  7918.91  0  0  0  0  -95195
93065.2  0.794158  -2.6887  7918.69  0  0  0  0  -95195.4
93053.1  0.799665  -2.68885  7918.47  0  0  0  0  -95195.8
93041  0.805171  -2.68899  7918.25  0  0  0  0  -95196.1
93028.9  0.810677  -2.68914  7918.03  0  0  0  0  -95196.5
93016.8  0.816184  -2.68929  7917.81  0  0  0  0  -95196.8
93004.6  0.821689  -2.68943  7917.59  0  0  0  0  -95197.2
92992.5  0.827195  -2.68958  7917.37  0  0  0  0  -95197.5
92980.4  0.832701  -2.68973  7917.16  0  0  0  0  -95197.9
92968.3  0.838207  -2.68987  7916.94  0  0  0  0  -95198.3
92956.2  0.843712  -2.69002  7916.72  0  0  0  0  -95198.6
92944.1  0.849217  -2.69017  7916.5  0  0  0  0  -95199
92932  0.854722  -2.69031  7916.28  0  0  0  0  -95199.3
92919.9  0.860227  -2.69046  7916.06  0  0  0  0  -95199.7
92907.8  0.865732  -2.69061  7915.84  0  0  0  0  -95200
92895.7  0.871237  -2.69075  7915.62  0  0  0  0  -95200.4
92883.6  0.876741  -2.6909  7915.4  0  0  0  0  -95200.7
92871.5  0.882246  -2.69105  7915.18  0  0  0  0  -95201.1
92859.4  0.88775  -2.69119  7914.96  0  0  0  0  -95201.5
92847.3  0.893254  -2.69134  7914.74  0  0  0  0  -95201.8
92835.1  0.898758  -2.69149  7914.52  0  0  0  0  -95202.2
92823  0.904262  -2.69164  7914.3  0  0  0  0  -95202.5
92810.9  0.909766  -2.69178  7914.09  0  0  0  0  -95202.9
92798.8  0.915269  -2.69193  7913.87  0  0  0  0  -95203.2
92786.7  0.920773  -2.69208  7913.65  0  0  0  0  -95203.6
92774.6  0.926276  -2.69223  7913.43  0  0  0  0  -95204
92762.5  0.931779  -2.69237  7913.21  0  0  0  0  -95204.3
92750.3  0.937282  -2.69252  7912.99  0  0  0  0  -95204.7
92738.2  0.942785  -2.69267  7912.77  0  0  0  0  -95205
92726.1  0.948288  -2.69282  7912.55  0  0  0  0  -95205.4
92714  0.95379  -2.69297  7912.33  0  0  0  0  -95205.7
92701.9  0.959293  -2.69311  7912.11  0  0  0  0  -95206.1
92689.8  0.964795  -2.69326  7911.89  0  0  0  0  -95206.5
92677.6  0.970297  -2.69341  7911.67  0  0  0  0  -95206.8
